SalePrice
413760.4569661644
494684.0547761753
277391.0794638481
953058.639367083
643237.7201744111
138624.00343290681
659919.7835927284
740435.8294289209
1041281.547677368
346070.9416225257
124731.2247609612
489784.5822281018
136597.13058123348
157682.28810082545
1001252.0888438186
299019.67946519377
467393.51721877034
440486.6317407582
587876.2432973146
494514.11342738266
915462.0966276225
1851906.7942809118
697728.2599895507
204220.60375170718
366456.2459180545
539360.2264946405
112722.91751788743
266964.0957063615
710246.0666538277
560150.685474286
540083.7117705039
297886.4731276602
626323.1425595294
498896.35946394724
795361.4720224324
166246.7492623016
321578.2435570527
9640.548915622523
410229.8185975088
402066.7357160172
465026.2337542715
388911.4215744457
118477.12899475126
1826130.2765265326
334970.5218958693
684937.0673752496
502728.9446832079
508479.25628699793
229583.71457757486
591393.256706822
593693.4451530335
802688.2705753434
203442.57521938335
384430.97270477563
1310633.7683158526
616341.3966325362
557822.6172599124
626587.9473974832
390404.1146639036
277643.74134854705
422254.87766848016
13510.763349949208
983779.1230634035
263267.8062648704
457360.5784854265
345338.7058949139
446651.5134049582
600898.0749857797
196104.35695283144
459202.303409131
920512.7481414453
68861.3991874358
871913.5858497479
473537.8872920065
1146124.4261355507
623277.962386261
229334.99295244587
882504.910461469
386218.66067474673
1618635.9752796865
354644.4165497543
392121.753982718
1093773.5796778593
363155.5784476019
848900.687201375
917890.448104499
1736262.4491170486
599975.3517998926
756599.8703354142
465928.22498738184
647657.549175328
1289516.9213813609
738789.6197464278
118736.78681495925
721695.3662605343
398995.36088256293
346545.49201510986
318021.5963400656
96636.55632788892
433667.5099292287
1050451.9906300893
723613.7116591118
338782.61095098755
280019.45634174685
415634.64840657765
551512.6549393989
798123.648303221
478196.1669542936
1365066.1187522765
-58558.8401498787
325662.4857601598
464852.38779670524
406010.76347231294
466289.3608314034
318240.2208428957
697170.7016296766
19606.167688180896
1917012.7908510636
503674.33645388065
405049.4224195349
660465.4432497624
385900.91671552777
424663.3495358967
1057369.2025030628
195552.53486451512
393909.6484238097
1058582.9505788647
949412.3576133196
462085.02317297226
2049411.6896527628
702658.4646833846
814707.892131674
626096.3243981737
221702.78405573004
271485.74540503946
992791.550327361
520688.99135966576
528236.9547917112
411396.824433187
905807.2229382059
201206.7134664852
383846.40354427334
912296.2128841922
630810.2314582055
91621.66535596881
378881.5957575836
2250593.852279503
558521.664960767
-81134.39663211635
658629.9988979746
112972.4461072855
1206486.0684540696
525636.8404421036
700356.2375149243
1661041.3411555593
211892.4117584242
467541.5588480417
608106.6586379466
559419.7703903436
129311.98736585624
417132.30239345285
1330522.0765088848
557060.17586917
633549.6314119048
285432.904462366
1287526.0728528197
242715.52018726728
108529.45701941545
640125.0623048769
193897.54238893423
476445.7580952761
60474.61966431438
974754.5643677249
386259.06789802935
454239.98038876674
145299.00892510515
927675.1807741079
692093.0379401055
106838.62967225543
161407.53980667295
283575.7618085571
-41016.963528511405
1219578.5536428853
537897.758187833
386382.32290733815
296366.8706263546
694000.792642218
574565.216779053
605433.2809700887
425738.2450557117
574277.8925227593
163831.6388163154
202154.3476584698
95227.52145883674
319164.59094135254
383817.8925478322
416308.48844603216
275248.60948527756
552701.7515383667
810630.8319755445
901478.1045680671
827531.8411403216
1265076.5464696907
634300.9485647196
695130.9566279013
187397.76069894165
462280.38039816264
337421.60728184844
563523.4563376728
230916.97734550433
201270.0044873224
989323.5291745878
590103.8464746797
1280831.9860275094
248214.03282624786
136112.76376619237
687939.331705854
363800.8109926438
376238.87013994297
163881.95489250368
144354.5881934447
973101.0223460089
568313.0308656081
783549.3342909643
529836.6668791537
255076.92227542622
257118.80082223256
112525.54660178476
216191.06727387896
124845.40278781252
225093.55269118166
662186.4495709622
1063532.7029657732
824126.6357360141
132600.2050709037
1174349.770876207
490052.8899022995
585039.3158611783
871893.5199197397
924854.1392349097
533550.63486554
479313.33288086834
432948.50480391516
685519.053663896
566059.3709773975
867286.9487561976
260750.87765178218
529767.635565969
389718.1686915627
876427.8565596066
978623.5239024154
887647.4905536171
509981.23723190336
896326.3713701257
1384659.2179673552
624133.3802720716
73969.23506658565
436782.40182246245
1049466.3227768284
492169.2173743895
632711.4363175302
641821.6318446983
265977.24729429145
808195.6690781586
796278.8899965488
449836.8627250494
353192.1082658918
715000.1421873092
612926.4101862479
543089.2983493118
1749415.7340733432
751085.2770583974
513721.4258762627
761884.269929732
568130.4072934606
767016.2822341117
268404.1794551706
1011671.344385987
608889.9011356035
266020.9591327411
553731.5278306721
546985.3740526085
431164.5190868296
653817.8997700984
257282.30818809278
201442.39719507127
386963.02133663115
412539.107253109
392003.97364556184
1311470.503114101
406383.0998402793
308938.4850680678
488704.8876661246
399196.01160683506
473312.8318832255
904681.1365231107
961863.0505404816
517856.87852339086
248647.7568569805
829008.1779429655
789793.4730031316
34486.23722375481
205399.0212981376
946359.3320963836
1242011.1328240451
616818.0266728002
828040.9332328379
264435.5352885332
876229.2932152097
345294.9359169785
547672.318501392
-53422.160975767125
295124.46641232504
128969.48181565711
350195.1156075463
246126.27820886945
504072.01229260326
603822.5483599844
199148.35889767343
741350.4432343435
1938494.792846236
462280.80035311996
434615.3192108489
59664.77782703005
425236.5861975228
881872.4841259968
861820.4280206357
752790.0003067144
514231.66240516864
1345771.0258114329
64995.789635711466
315227.47290225804
173099.9844528701
566102.1142863577
595536.6257515035
449308.65990374924
279412.1725525535
-63290.7579483579
743350.8343330721
546287.245582403
350551.6200465568
378595.0838305154
617614.9822289539
851903.3504728306
697234.4711488531
267798.6896780153
165744.22011719213
64032.90901953244
731300.4837998624
399802.16472755617
288724.034064751
428665.9344554901
384919.4939211088
1071062.764066881
338736.70488233014
208824.24756307295
562504.2798681972
304243.38860971015
633298.0808689302
-339041.13735779724
564634.209881977
1338320.267424059
86308.6263068415
-36926.648588612414
116430.79327068693
348305.7780606911
444420.2410698815
252314.18690401147
301992.68771955883
42581.755517559766
881067.6068714584
1262128.79606927
848891.745770234
475828.84572914394
480782.3208704422
1393726.8314428865
133835.68513267912
286937.87584236613
899002.9446615864
746888.7814022837
350414.8336965584
753069.788594877
655068.300715985
356259.0863705337
680605.0270602291
661345.2823485682
1149398.294227941
355658.1879225987
836115.9016212152
520711.511071226
489083.5388811125
181932.1171718996
952087.3411531585
147619.45570291235
445930.04250120546
-207040.11570043763
402065.41140051046
17553.86778979635
929691.1638764363
615638.5803193143
653547.995533411
108149.94180691388
1326794.4061686252
709962.861346082
67172.05555347167
512682.1253661645
1569465.3559159162
1061869.8613192318
-41476.65503375558
248590.38819609972
958679.7150585529
699777.3527205223
90202.01161822723
239578.68908549973
101570.55148471054
558185.9448511304
466755.5079043519
441663.4673267461
133624.71908335626
471342.8880317806
534522.7000557348
268175.1280239467
97904.24207582849
232313.50975477934
526298.8480883971
186734.59699033032
743151.721268241
335348.71451192396
541120.3444686698
795206.7552182872
111059.4122270614
386688.5469382416
596063.2844057735
828687.2418783851
179230.63331616897
456841.6628468189
848882.790279569
70200.77422902698
579356.187101618
1418876.65607904
486904.04704916105
539167.8816643348
536663.849466911
776202.4521156397
470215.3947145173
1407883.8328475174
662647.1333617845
365852.0884673293
424853.1313099776
1377055.9495249637
580854.6296527493
315696.8331275139
540265.8249872039
89439.21336861077
519611.64287062513
536235.3497285228
695385.5551224126
187596.10205350793
163023.7517074673
181042.4884625809
634938.3866295732
257050.4078927323
472195.2287396671
292548.61111506156
254231.0672205831
142843.18726100645
500323.79111954756
365034.45360673394
565814.7840443676
167656.09656418813
445154.6254084724
281165.56781408866
360812.2535764874
325715.5729627942
366355.1666481424
211524.94758804713
474009.2550665919
490996.787787703
210932.20953757275
295256.0409646757
389076.25215766893
284145.0153993749
426793.4405428913
473696.9055070586
416318.2548920417
282112.37087502517
394846.2558974294
563287.1217678142
456799.728520576
291283.962063074
356185.6394284279
1141881.8330904557
512920.442570915
86951.77071899851
500540.4059587673
91147.55907951709
979518.0179213189
449782.24437347415
987725.179194274
339524.3399532371
599245.8017617164
744637.3865822129
773340.6178384495
770982.7663102683
193078.16110680863
674400.7522175151
545954.7643938261
600749.5617583793
433113.2020066562
1111388.365309414
332788.35555090324
857578.3001141547
1065278.322991591
742947.3110237204
318173.5310210807
1276546.5380515107
655326.76837345
510914.6436571885
489039.48342774925
430354.0421740237
487397.18751625426
205847.037255959
42545.331268685346
1316195.6415363848
975731.2960774783
715424.4154945135
331339.90540276456
657771.6491761942
438573.24476548925
635413.1333662574
313553.14953814517
277082.91046840383
189811.10730575846
431144.46710870916
1030236.9740514037
735906.3938689791
751851.3051381218
273601.12031316553
827453.2817615796
1131048.4301387863
376725.7631631716
120545.0947010321
905015.8481380729
1106589.9474501284
152985.20973560098
1122595.1575481514
529815.3009405549
145053.08492138406
474386.7269950673
403455.861629672
225599.08044917148
1143053.3730092747
457464.32941961533
417787.16317317146
218313.91780155821
480903.5315395186
218632.66993128747
805650.0247633279
431397.73276976217
277629.0578365823
351110.59374567284
277597.6593786794
200112.92977396993
1507069.9260185207
358865.3763364558
208241.4681473701
805009.3386964548
182454.67709671264
694312.0034756433
249075.28875009506
592151.70558273
444053.8279966641
226047.67518879042
353101.88878509554
628263.4875109389
751030.3400713141
-83510.19751318963
1175757.1351965577
462065.3633841451
631966.1224808658
153019.03486956056
451505.95854488504
604535.2057176748
248509.56046188797
782935.0493267728
680754.724759557
154916.9108822649
269172.53292784275
330953.8983841763
379110.9218233393
530561.7155959188
535619.227188733
-186913.97389402008
498442.93639643653
-27826.02989569475
704518.8461056948
183095.75925453188
772342.2103261114
428088.14618939045
313136.5688429988
366771.7690568855
660471.0635939125
535238.2499180656
459725.6059381288
678112.3620989711
657812.6523236441
113227.29734990722
685352.9202815699
546947.1873806616
688874.7334695748
921089.1235567421
517459.8978666327
165890.6603049033
601017.6985637224
1553428.431569694
113206.1301097679
771922.6582228167
776148.6098852771
323780.0301502377
394167.41083469556
838835.0717054665
718520.1148611715
465933.104939225
349103.3925603605
590086.7640846544
386433.8750873952
390070.391963701
125957.09510160575
367369.7405307781
340332.8208264734
690919.5858191772
342316.8030173719
823536.8350765583
232938.40649132157
665269.2204325297
411462.2006026261
442434.64485394116
566430.8352778564
227548.5719107302
94642.85212971759
422605.05326393526
117287.36180450267
437673.1085385842
649040.296433204
1057361.087934935
-186352.79959198297
394464.9598916321
407977.41464073537
472626.33444284275
399872.93978964025
251427.0300465037
1313664.1993301432
355794.33684788644
1375809.8511411739
260614.78822410107
615304.5189235922
450038.43113913643
216449.82354373985
321897.0492957587
924160.1369687641
566772.4590092292
615439.6175847467
1047117.5352920684
331930.47201796656
497202.0903544037
520463.7672730483
1492375.3228540537
361495.83748904266
362261.32624338695
551652.960284051
509657.3885398294
534538.8173894784
372302.88824521855
1663193.609887526
265967.5167281457
373191.51274193346
515567.1035115551
945640.0584232277
720484.8180575196
314695.1265246073
781772.4017490932
261743.1789339641
250779.29669611662
432526.8126429891
878206.8653654769
481310.80422317307
276375.078979427
661777.0422955188
768009.9802952692
747100.4792282677
912552.8143399245
518128.1397883191
911705.3519378552
447177.9573360374
800379.4546895543
392743.6164337415
929267.7249731977
276913.322623354
197919.73371147254
334786.8095406168
741665.3619859376
489082.24984592176
469912.95191846986
610628.4422045752
601440.7886411801
585631.7942427399
398846.89639018755
391895.4061100702
518446.90545299614
281380.14081393037
151524.26583749172
357028.0848504326
-116473.10022498528
353713.39336169907
649179.0029508952
302186.39792501286
474614.7872529335
301170.30558414664
1362094.0067254757
341358.168647947
543446.1644232268
97318.60358644609
477894.16725629417
70069.09567837516
501469.32811816817
620939.4116493582
489783.8959308204
328246.5464162192
549124.8675871852
340483.9409097157
425354.55319194985
444748.3077346579
1255970.598177184
133819.75895418902
461159.98165926745
516449.55202075874
839821.2675982312
1604910.9128724486
1200930.4039248908
240982.0679757492
297605.9827155188
544244.0948569939
694468.0252584282
939302.6538507297
274077.4463533129
473607.77397074224
180602.83489041455
754775.8124283717
713998.9559814403
103897.51192982536
277940.8201680798
678950.9878569208
431927.9255380614
928439.8353696339
297481.40320770664
1104898.0613688715
335323.5981245657
97002.76760444837
475362.462439989
404454.0679339024
317699.7940467694
391150.9704431853
615711.4299864552
858363.5263988365
826695.3984719774
302755.8483739442
-8173.916181521985
466162.930254956
294095.5675402646
473233.10806621506
468104.4670509689
659435.6258626377
1029526.10397645
1256623.1809468307
379449.9091909486
611815.7564298658
870471.6958035243
639745.6425708013
643243.3571693307
653782.1214083561
663307.8237814315
128964.42360858369
964428.0953117256
747251.392762377
797059.4199460669
275249.65547174803
481797.4833408686
304017.7848642436
117563.17720368784
496455.6621847504
940555.3021695152
-747.5312044416787
429972.26704175386
653889.4688185671
249447.6040484425
895676.6232650996
336783.8192803069
602907.0913169159
445834.90008005
716866.9044759856
212170.81917357165
1765582.6589966118
471964.398225571
1508988.5728870663
382261.483400741
502539.40472376347
377310.35618346825
786120.7000630284
763999.6369781159
219478.79185001494
164472.7987556422
676877.2920090957
234881.90906998556
453788.07644475857
338907.7908936498
956320.8727936292
393544.37585752306
385452.3746186991
958563.3065608983
25794.221969181497
1142056.837449294
923868.13028473
746739.3458219147
1520134.8117369153
3095.9619389764266
888609.8344385523
1014119.2850604932
582002.257133247
282346.4612256171
429000.4305941744
6187.68814443372
571003.3666292293
970592.6729255776
131636.2163077629
568063.2944281134
319871.72405315796
707549.2985837592
360449.9412838775
641281.4540367112
230406.6357559602
1067453.6185410917
346409.3316269029
248256.9531154181
712068.8324636599
412537.7654978491
1103365.5406487375
255397.0999032139
136813.4091644385
571147.2322339611
641413.3582013232
2770619.427869217
455195.05144209927
91712.53460151167
417494.0154382058
666046.4993969701
393347.06645458506
118870.77848773025
381749.23481126316
1071585.7364713647
510650.01486130967
441780.842269326
938066.859081403
331302.63264344237
293849.152542148
122238.25399735657
1329197.4269455345
659607.6470266588
577068.9575394212
247901.34762501618
67271.22290762363
544420.0098284887
325352.29933430767
195385.57916293968
632719.2631878501
744003.5431484847
541777.7176291397
732025.0535659286
99568.28762609139
557306.0456155833
552446.2528591056
378993.5963122342
457870.9679694619
-33235.67797373686
804225.7902723558
303273.41199587984
261067.55784442625
183417.2537728434
1243223.0565048903
582127.1751133754
397673.80119659984
311922.96660664177
506464.47852451506
365169.63934418815
567300.0892991357
669244.2054132778
559626.7330388034
482016.51147814037
411938.24652985705
-97165.04247139103
756272.0860992416
260174.25417361944
346469.2158942722
699418.0448797689
345659.78863846464
183154.09550465154
898051.7605775421
110439.29324022279
723399.9058235238
191374.58742353955
584864.2304472675
730568.1199733496
283132.1577482162
376820.1400142164
865937.8394084153
523873.52912442235
339250.4323173957
436215.4213248497
362132.0187802366
152021.91520672827
308338.2119722483
214964.64847240725
609759.5293789547
831879.5742658997
859271.1805712545
252537.00996598363
440836.2446990694
265935.404250077
325701.3409443286
985673.0226337564
363134.96047065407
594494.6445455572
315704.84559792816
514548.80002012255
403622.62176835805
163303.03432722192
462699.3332105756
178746.4914299625
640289.4406514512
268993.786792699
654618.7345854975
390078.375666937
529684.8707606185
666821.7669368642
587111.2247315237
759352.6620104149
585678.6632932737
1184589.6685034344
491784.06290648703
695597.0090519245
698978.2443770843
355965.9571433568
1447655.2827227283
446613.2290569546
522104.60807567183
712333.9416840923
1127606.2120888857
176166.10327972996
779887.2381616188
183267.0062102953
527157.819642967
687309.1861057914
293137.3960649421
859238.2106960436
496368.69697652827
298888.6770768934
1327198.7134506954
216469.55424968613
1568104.2067212202
336350.37917279906
657389.4655176906
472363.5833858495
200015.13403353363
414999.5581012706
204969.5265897382
394600.97019152576
131678.22557482525
1223100.1174295335
616080.4019804039
-86275.51111743465
337884.66581036407
283577.5030635429
1226596.7636330305
266109.43816833966
508129.3529895301
408935.6914284101
832676.6502117139
61042.43303001934
477765.390750066
611216.1637880421
235927.69613515417
288616.4882966657
664054.9246596665
862415.107397701
204060.9265780918
615900.6948886854
730563.459037164
516749.5576249256
355339.2386296821
1592584.1763983876
836036.4985500003
814595.2388263756
217141.14381369937
537222.8717909681
398701.38771124487
638974.1024255247
1106772.1259429352
134622.34624556516
689343.2240875646
800289.8559676458
448884.29744678526
320621.73715833435
1443470.0747150248
717386.3620462324
-31039.14236478001
211804.88024618343
1050565.1485482757
727569.2794217429
606266.2108826357
577060.4767238913
1344651.4235761273
314045.62073860876
537381.8330006979
553402.2470191309
65604.30851807503
507171.7991522639
509391.73315722286
501528.60092903185
557886.2354019044
662133.864245797
370815.7198550117
507795.32405769255
485985.87700448465
-202383.3862010885
449336.54830547667
87647.52246755565
430925.55456204724
812635.8267296589
696430.2053644683
402959.22822709044
303971.4855984198
364876.3075921028
308383.7002060604
649455.4548320662
1189979.4521872522
815736.4572344216
1142506.6778704994
1116266.4237679723
589349.2241742491
487379.9903366446
141188.77368867502
1481275.4063286963
159061.8633636965
628691.2895120705
412725.71331914933
768407.2084042276
627965.1115188026
1114143.0960888239
1468824.3076461102
762805.0277678992
341147.01849878207
235291.66905446857
594691.7918301182
1045821.1148590638
736331.9559336384
770259.8376025412
204645.60547042586
857559.3388229426
790831.654713024
831635.1388366368
1787025.4328625882
640534.603733897
331973.27113151667
489580.87857380987
347170.66419299075
160635.10131983878
360559.2590774968
649527.4496659078
1798.3005008880864
546782.7849616751
356161.3880237392
450839.50133394124
377388.9665993082
836270.0602846047
151809.6985376852
14713.681397100445
420865.1346379841
249824.332535089
492324.41338259855
1500363.297270867
895990.6547726357
1068031.9238691786
585735.7457561601
346167.4455349002
10492.286077796947
619752.5318810773
575119.3419680083
663621.2132000875
379596.12721888407
621769.1981804295
332294.98353559047
257692.58493146236
427535.3833271703
498509.67889434553
638484.7329674459
302117.83274028765
482736.1949464702
534783.4151072298
99143.49564397265
453565.82177957764
102377.69440591591
500646.7208119158
1108039.6823384012
565294.4575935741
366047.9709160507
755468.2217933878
323535.16017999174
205500.68246533355
73938.08332023415
1215301.8041287
217053.87171740428
437214.2790276323
229989.03171180945
1149123.0916007403
535572.1634235138
649750.3355617654
522429.8201736433
416171.0820730025
405252.89256137447
442275.6816348814
199207.26569746842
459427.4021945229
543489.5532593824
1041968.4261590549
354492.3810320541
597919.0079988582
493416.1415977895
616792.8066566021
586728.391877977
1342133.7166604446
707324.5457620042
902632.5733471223
375324.8980592855
-30008.976462966762
304308.617775987
408364.49700523855
1155648.535533125
837056.7948881091
660151.7083613419
275060.83659746044
371597.9217236246
393637.81446601334
540233.1771684921
1059510.4710468831
1696705.2285086238
184643.796638029
488165.1829343904
268507.7030538876
636201.4765889997
623466.9114057375
910112.9235061744
441980.6291513215
525971.3035605733
626540.0965287742
476240.38520809764
300474.9188016702
844427.5750314858
900888.5362138128
1168625.616775907
324938.6318608278
423045.5326645904
1143198.7411748734
214757.35836193664
412830.5434806729
99677.89517880703
579232.8191259305
715747.2894215608
286126.0514970886
1733485.3779378664
424642.962130546
689717.0742412045
436770.1337450661
487131.27570273844
659893.0716242645
291083.12745761964
1204855.5163887362
493890.66320917604
695163.8794151957
549286.905268864
454344.0789317159
558232.9292599538
706590.2633018297
365318.278719633
202711.3974017087
781988.5005829972
513295.1267815995
540080.3047467478
691526.384869279
124400.22309530381
532227.0839720713
630350.8176380844
851898.2456444754
318275.9000819493
582479.4540505047
201768.24922488123
1241541.0854568179
1105163.4984845254
355857.85892480053
735067.8244824068
1146453.3186367298
344404.12108769675
237144.9047226177
595489.743572587
444798.61585239205
141079.15560524352
90122.81524380972
1253344.9998135995
368427.6626583111
766144.1679535165
684204.898507628
1102628.68070139
235298.93270614097
806737.4280015151
946028.0430881296
400055.79690890596
340145.8302521617
353557.73193924665
256694.81120440335
372645.07992818346
192076.5684485393
129243.22231804498
1145105.8241464808
490197.204756815
809860.9837636967
959369.9014071709
932365.1921332761
433059.53351334983
795694.0393832244
225498.836520814
458835.2202950283
804653.3813063665
250388.45525369945
347334.98945521936
327721.19458715455
707545.2589694737
548628.1683753793
1013363.0693421507
93010.45410739968
732203.8091030407
741510.143056762
367131.6430654542
483240.64061822766
616525.3994364326
565828.8255603153
572388.3543703107
313287.36286470876
1327161.946511168
283515.20479754684
817177.5368455028
339452.94410363
601253.9160787957
365867.3346314918
1200900.2085300446
801531.1112897367
784740.6303648684
573109.6921787707
707336.1069168986
1153848.8520063926
973287.4937031654
908586.0857476603
689205.4387704572
95367.31065369194
175529.91949318151
280905.25909870246
924194.8090270507
397922.1523014874
1217536.5998097607
518566.6987006897
1064779.901689474
352499.20862514805
100808.73890998901
682683.9616217947
43486.08297657827
270858.03291626653
1776527.561472504
603173.1091516899
749070.3260282347
315066.9475152306
594579.191998924
593590.6050447334
420324.7356386308
691317.3202636658
287080.43289445783
559887.7905863934
301456.3462850839
542556.403380219
871871.3659872705
535782.1071750806
598338.7094125197
169598.1812562878
-167839.8623526789
830646.4082244603
636706.5936846661
331766.6965209922
260088.72063795192
157132.37198598665
1347468.9896990708
431890.3363152824
821260.4370705626
519581.01010246086
42616.4842158563
102792.37821708975
486387.87849903223
453915.9137858015
323617.0213295501
561595.8900027139
586155.17626704
343795.1374479269
538375.2074827761
269361.1920718713
525529.9017161606
322727.7483122824
488649.8474711627
237820.5221853198
742354.3899169546
473016.0227922015
900657.4345264734
367959.37989379966
508681.3825959839
577216.5216288503
456794.5436221501
358761.40327659587
866653.0723722322
459160.81648431486
1098738.9849891835
373587.3640773024
339900.17520583887
-137689.35919109837
626830.1912819522
689273.1300588174
80135.16001161159
732245.9971877332
272808.23730495566
181229.4000266958
753945.6161803437
101408.9911854238
637370.401573537
147064.18318294536
516211.2472024091
313291.1544866618
116526.25353672868
1607075.4043607367
249716.7911082327
303301.469204137
823175.8913803356
376864.4793703591
441993.0903512868
605411.5036992752
1132073.9270206955
457670.97666905925
1289014.1575276102
358873.611264835
265591.122152197
32623.863878828182
718108.3802976325
510821.54858689324
684480.0486159752
267461.8624350865
1422761.0884237401
268333.78297564824
1300886.751630776
854853.4495022554
932344.8897559488
416150.0242913326
1101682.7240091558
1223161.2828613366
736795.5275917263
244804.44864982239
369885.2253587084
763540.2178034697
498009.9328811781
637767.1141709103
284729.1477564649
567397.4806828927
440372.0478039585
581817.8507556843
286212.3424220942
491348.69081331254
700701.3229908266
48024.36945931916
-175856.3708925586
195025.652197116
247480.87899703556
144564.6819176908
657671.316259048
776936.6918715417
2068108.6268737237
588157.2512647707
1350835.983811868
645802.2571060939
353886.1189258669
-38944.25771688693
626387.7944685129
358350.29949857574
408231.235050568
277567.2492786087
350564.27292197535
714502.3874578717
150317.83955753857
360648.96705421666
515540.45946435584
531727.8214858728
643980.1034868782
907444.4994626475
1416434.9853639975
551193.8776624432
522659.6813928315
997385.257929236
265341.1406473294
720687.362598056
582496.2672834856
1397791.849201837
1016253.3552298002
771816.9886798997
594638.7882013583
803228.8317754162
280864.08049367345
273229.13767855783
1379010.6104635168
852806.4280745356
742556.7440888019
233987.1529298079
520697.01729289035
-116942.81597598639
416028.3755665083
326442.0471785179
276700.5485428893
540994.2908726746
453329.67649499234
1310699.427852897
263577.93909771834
854872.0393184487
80555.08902150084
455378.44334209897
434853.86750215327
824529.122361926
222942.75831734634
1041679.3257975212
784337.7590421947
411025.9215718894
753723.1318879141
909988.2681688705
320306.5050483381
224061.52700408787
1288444.5077860202
353703.898185301
452657.684616084
1099918.5037515238
700377.7309902335
967951.3915002238
566297.4916729025
1544886.6739180665
407175.65971923945
994540.5327397141
370834.96495750477
266814.0251797678
568832.5629875701
98437.1049582262
919108.7260078363
238464.29758913524
611799.4898876825
-296862.7908581872
536434.1509740663
1064751.8367311847
221377.31782645528
512088.2225879204
1185245.3247452802
395607.09489520814
477693.5017984692
1167271.4821208846
204559.33828322997
562474.253972914
697021.4232035183
796676.609842603
459999.93836211215
742568.8701489663
1223602.0269631245
931762.5316172455
831156.3479290298
353273.10716422903
482439.2069341178
380504.84948134853
396852.1722584929
389071.260886376
507100.06526461884
432142.3452424195
788056.4323241052
243930.5091855873
414752.8158717761
303806.9196382357
548836.8313400829
360100.56342205673
856526.439603333
497184.8781550644
457757.7627277683
221797.87751079234
747779.2192449362
400192.61544486415
247496.9168302421
755103.8794100046
437784.99848370964
413313.2773903833
526484.6515063358
451455.81657576875
275093.74473530916
239838.73262010468
451936.3965101482
788670.4507011111
409253.8894482637
260616.817202862
834650.4023553632
44354.39329107158
493327.6705368457
594440.8884614998
172112.73580178985
135235.9138345091
780012.2443868313
136888.83854705788
880148.817397222
145793.7069454518
342564.72969139146
109358.25118107483
17288.670658247313
562875.8394518865
368605.04124870116
437334.064034945
478109.9144467331
368164.7469391172
656836.8411127415
1052052.8586876355
676787.9655230005
1407941.0569999376
641937.4571162821
402290.6798272211
1176682.370681839
112960.49954206165
426606.186368839
684377.8686456891
738489.9462044718
499026.7925367857
831795.6426087102
95455.26507700863
400353.6519777619
83744.75306980743
633310.3921639161
964685.1085142061
507516.9997539249
677591.1406102263
549250.6656941425
594114.7654359293
827513.9212246303
184023.2529030062
578020.7989577173
900768.7683836097
336066.82342950976
472223.62111435237
494600.22436657443
251444.04261210584
473591.784789906
1228837.3034972586
711454.8471554396
624508.2279752108
694817.1823994792
471140.6667230439
418029.2736193867
401543.66744036484
190414.71650488744
935925.8625725078
837354.9602029986
159957.77560108743
544283.2053482112
307726.6759452977
101417.31163151632
907899.5875168288
194813.76577502885
730724.9601341306
1540431.3260061615
180606.22902652883
769288.0698797379
743393.4969804238
181059.95460817794
1007347.5732316534
673423.4863400249
284900.78746374603
470934.06952155835
768279.8585502038
538230.2315867194
304999.85846345685
587437.5210065076
43276.61191975605
703863.5466215227
521636.24645443377
128758.68558056676
512041.94908746507
688831.6178276513
1482915.710067649
927017.1525043274
817628.1117830594
711878.0430118275
912994.8046126784
841817.4421871529
511620.73775335005
461772.3278778007
182613.63185593265
472069.6653320992
876016.0872014364
318232.8206864076
297621.65741116647
271860.8403110335
1283484.0005011894
1409400.6341418885
1028251.0582294272
800841.0689250774
968355.7378324127
566816.7169219471
1492038.7342434078
560235.5439337404
1392531.8790895515
716076.0092962869
308534.03856121714
324067.0774726402
848504.3851235261
991599.8985309481
1106731.3941232748
232398.99992139015
461995.553247435
497726.9817995853
196563.64712505235
699505.3680807913
665028.3382100264
919732.7382941042
372192.79031852575
1745214.8229316361
108029.41266159713
328403.9789092393
301710.04804863397
882888.4128513263
216159.96021783637
319586.3125323312
1458039.6941006547
339481.29425163043
535114.3077727526
869585.2703630071
497864.7814050327
261742.76278850297
345368.3260528047
673100.511691419
623803.0367331625
982269.4008978439
398554.1792957664
329725.7933326153
543026.0802701184
1087171.3866632944
181452.14810303453
475686.59298757755
479245.64337312616
1041915.9702348866
375430.70019683137
1037244.9957706757
-309081.527208997
498738.3847111169
881344.9646886642
121547.31682865997
242293.25414793385
477439.15025371907
-3367.7735706833773
377102.51243993046
259725.03287589684
663814.743040077
423898.2710894027
483460.20492706436
642233.150302925
933507.9368263743
300577.4589059736
1136698.0106175202
370839.14654346183
1218824.964519822
210585.8768146953
35538.57713514747
1202267.2913735467
683296.8430201606
273835.3959568576
936725.0256670824
1510695.9188078605
351177.0188472641
389956.8575389482
233042.6361307212
1050281.838737294
918754.8054122411
576589.3977601607
743954.5480971503
477265.8111100838
572859.8867424482
95171.08630124375
248709.81910820992
416737.3697963117
319007.89830402983
478727.2692841297
372028.41637113167
197239.01411812194
760643.512148623
650890.7529979937
1413317.724610183
547864.7382817091
346697.89728488214
231889.17885773338
221965.22476984712
131646.7947032067
95130.28896681772
204760.46364732285
799407.1697977642
700930.7087509265
354813.37206104945
505036.0528575672
670068.5352769039
878826.7154716001
1303919.3808400822
258101.11094102985
702031.9426827015
128117.26550971094
537864.1632168604
733863.2619300481
689292.4557873416
269763.8008591471
276710.01330249634
2584428.130418319
184061.9009025374
40843.809716210526
149931.60203754145
141142.4673477027
270850.3826865776
377854.2368119778
459451.47395488864
562085.4182151342
781246.162121891
376850.0273045525
593186.5488463043
571168.5965770768
749502.1252581883
731933.883515282
193423.51562394417
-142954.89708235674
406267.7839635009
196324.90998015238
495459.91074997396
575725.6742148097
474134.0537785308
216927.16276909458
127062.6117649874
816626.8401686779
565162.4115926661
1008134.9086273258
908279.5080577725
967554.0341372568
719025.2768383037
394498.68041316886
471029.8952801147
233237.47493133153
632484.4146721635
256840.85755140608
1420102.7706126343
379528.74884897994
405762.7020861942
498297.05376717134
249631.43673819967
317100.52345861914
437137.42994283617
-220877.62410530343
513174.5824267925
425200.67172082595
1880408.1166868056
721658.9680773113
28225.688184876868
852506.6265414635
881036.0948334927
373365.45598009496
327911.0349792304
847621.2729558909
522448.0360434264
629261.9729882502
473521.2793300869
835030.8213043184
1453743.5227130833
317132.04333921184
746610.9021278572
539338.6163415526
689507.58833933
494782.8178170477
2061248.2447210392
375484.2180538145
553179.880463934
790810.1134959293
-100960.17866621734
248369.49545352027
264270.01220388175
588421.3862230232
148265.7702053567
131567.70907036593
559082.4412968023
546089.137993411
643884.8740189436
763506.7410845723
41529.5196456546
303104.43461274134
345422.9042415605
399461.4382094159
399900.46444464184
1588435.1674357313
462111.75437731284
400584.4349224755
128216.58864798606
370186.8682544908
328364.6752425743
513660.66586013034
727474.3476559445
1011686.4023492375
89825.25481410412
285670.0922063895
246625.50243227137
348900.42530683405
603390.0943426169
139516.19297311414
1590631.9263904304
500690.79433186376
556445.2151441545
287251.2782422431
332130.0228709924
204208.5987730702
670588.6244436059
772979.5163447799
614319.7765929763
421871.0961497179
838923.4903335177
1197415.5501848012
217335.17508765502
647782.1309777865
377038.07124706043
491491.70372755907
703589.8336215687
177787.78898582398
643083.2647297059
525416.7529331959
63698.595882608206
333510.46562951116
1334217.6676444025
752765.3240491267
563179.7584589018
209635.24457330874
691948.769294923
551297.7902015899
561500.9474032788
-21549.83759023412
303112.9631321515
413536.34587510757
585509.9161858094
692410.1914475946
1093268.4476636597
9169.021179432399
294224.3703952088
531822.3359772431
960198.1010744538
898241.2047438476
454196.4291225327
732315.0279178789
219632.80891373922
536747.3433557184
682784.9866739738
833873.9814351889
456070.9310163766
556348.9428178698
-1224.222953395045
620968.1184704175
515636.97846245836
268168.25508339755
-76917.37785655604
693998.8840754139
845769.2108788955
1395166.3935308852
1374521.2010472906
202249.09296534501
260394.27719464042
635678.4163895218
660820.8794300833
245829.43365181773
124728.8367741279
499585.1843126401
232335.27469175693
574577.8472424655
243193.93962534197
768904.048605817
234992.7188886784
152028.29139029852
571445.4968555759
345733.4469247763
583286.2010247947
308141.0318550902
192538.82286949956
888127.8978877362
871320.9161042863
174631.24126435665
1126088.8149342593
291153.83155874594
242242.3468773642
575656.4286133662
752757.7360131227
41542.375003282854
825924.7163344674
449582.13596688793
847514.9889819251
518418.23096703924
552782.1686442082
159761.66511860298
766909.6187845423
191318.50191515195
616555.7888002415
499202.84959071863
343199.47617934097
409712.82579677936
348998.7734617046
513152.9382155369
494658.6224883328
692915.2192486352
469455.39058384043
728941.5412792275
265392.8431270086
234953.16195383458
300854.0829481018
1489425.5757571626
755028.3016193142
390367.4131043062
844433.9047436762
575749.9698407693
307116.01530191815
446306.99449688883
224244.13415384304
-45531.1774991827
651678.2637423866
974887.1544217746
869937.0336062877
206408.81377052923
418580.2151837188
219566.6666036017
718809.4165826729
1430183.7381359064
1159284.0838034977
1747378.2284146934
179845.1405958716
-63516.89101714513
657349.8242444287
799399.5252964239
564396.6972275203
951846.907439571
807834.7860426466
498897.54660216824
592670.8328471828
427164.36596360523
1965794.6425659922
552903.8954235975
374343.2746492834
501368.5918755834
211297.97627039097
281993.2560310178
428595.3399224499
1119450.0590197253
263688.2095209776
1114003.4271943928
977350.6367935516
1320269.3901299844
77059.71353562427
825467.7577221523
762007.0054213459
665506.488858766
783103.5376627733
650805.7883752036
371174.42537464853
1160889.9419705798
663699.5481587878
635990.4918019032
1318924.5689373664
538616.3540922618
172765.8229235445
477856.66381028807
248056.0223701076
648644.7439240817
807403.514170973
660248.7999621527
409658.2330661601
367943.2655638398
583381.5016232944
662250.282052175
181685.69501314295
174548.06938468775
553203.9228657715
460584.21681657
387567.5001083941
1036687.6303774774
417024.82038192975
549830.6227431253
177308.84888654936
75835.78827126184
245478.98596303485
223897.32690259558
746056.2244064956
211568.88741012482
493636.25410895713
264397.45186048956
825465.7635854814
485427.7408217095
-41387.7715610076
276178.257175448
782122.635494599
240872.0339437442
278080.77204557677
543657.0101265917
757598.5135345883
499501.3701003918
951543.529826766
521996.01804145623
1132878.9751199852
458888.9062536218
462601.74038072396
449876.02094973717
1682586.5701940316
47335.23393960064
765159.2331903226
637926.9272562576
61082.84374934458
1417428.0871839598
1479034.3842517775
1038230.1172383077
562021.5770079091
339068.4342368839
604530.8755970944
307029.5755783472
622289.8957692975
738828.8920221003
229070.97439220274
601274.3572781642
1033884.9407620776
482282.6640260421
711932.1598333387
230265.59354839573
691196.2205277322
617398.5266390928
246315.6264238354
677382.107750773
1257855.120453542
902069.184625836
-32485.327546043438
94066.20937610394
1177464.520772906
1170211.2900832663
587720.6674070504
1017498.7975612668
464985.8984915402
651595.9962301165
646086.6139924807
290863.42129604367
702742.0142773819
712910.3479238185
299142.2992587774
430772.73531943955
835402.2888355985
651198.8468220072
858720.1626055447
600341.3594187968
236660.82459214173
1695735.2834382672
491138.47721327643
461429.8030501184
644857.0484368835
458922.4795351074
280432.71323785535
472465.5802745238
838334.5849154413
608831.0993147822
444352.2609061331
716068.0830961384
169945.86609531427
735114.2651269474
-53239.32178706804
339071.7040911206
385208.2342748443
590938.5351096233
411245.6148438434
401896.09977741516
838551.9833536911
424049.9662336827
-75511.69576491942
-83787.74027633449
101960.67985003942
859660.355464162
622139.6968687674
623249.5000587594
-133674.97279127242
873235.2262226361
1630223.5118394648
413850.53102150315
1208958.6420000335
690248.5029333179
369442.4877895337
105636.90920256247
711400.5968997185
933931.0558459748
82573.72089155321
445426.0726030071
712083.198417616
435896.1248023779
548202.2398523731
482350.70066763996
213615.0927653481
569500.8811890983
232896.90445606073
-29616.458141952637
228301.31415909412
704815.4972120643
713270.9142735631
43808.38500780298
961423.2344861027
351511.83576388925
951361.1386569737
152262.9957118999
785231.5977269884
500984.3460349265
1074453.7237851475
929644.3906576872
428139.06976650876
-54787.108582505025
823957.9410968506
545836.8473502689
560403.6518897153
621512.7014402262
719179.0236877743
129000.49848618277
-135626.22883468674
1031719.3177064451
532964.5963881455
137994.51597164635
214881.97265268472
231091.36312941002
704247.7697905153
376189.73060837795
510630.83857329085
497293.77252150746
472321.8073031412
320085.37451932114
635739.2013171815
17345.373470875842
-80722.48637661769
367261.86845186225
516188.1620282326
14992.792395849712
523562.601775502
450058.60323347
367559.79871928866
578394.007910994
584512.3840262565
983434.2492031794
796972.7176386865
221557.31108013744
483527.24373233505
518085.03883272223
595374.4969350814
602117.8575770038
553960.7364768835
531062.2114677671
637749.8547117696
552358.5008124519
1129236.474689011
938655.6411011495
318085.23705481715
1017748.3796763731
72869.60615390667
419388.31991754705
533691.5744552505
689842.2743686911
730540.6292127836
75709.27954595297
404677.3233576275
278328.3765813894
478903.5827877497
892104.9148016885
220442.27772036055
275867.33250412106
1498508.025877487
162989.99762041436
782063.5086659667
67724.85229160881
146108.42165524786
901105.2907857621
397565.70117553056
682137.9856782347
282455.37011778203
1156957.991568334
468416.048651353
350332.395057873
718731.4321612194
265758.418427572
422586.68918401573
-11459.363808991533
91379.21749388275
1034398.9000661842
234127.310728617
425149.48991027893
-47700.962992283865
31009.471523492713
409559.96014325856
1267819.8751192912
575551.1114122726
236469.96114582644
208346.59249004372
792860.52728966
596161.1878217048
902026.1333769156
559034.7799213639
321877.8239682771
501488.5856669091
594067.9765332722
284708.89889047295
322042.49439806666
1007504.2588835816
536345.4394710888
660219.2526982881
-129046.15902429156
391393.25693751546
543715.0761188382
495976.9767100046
465089.81857753557
410266.0500983371
426833.8509780144
135885.70324514754
257183.1529909764
268463.18511032156
468197.99316719733
597773.3924067419
474891.1876690078
753365.7258335049
484568.42732515035
967830.8741670958
942040.6188494739
494899.28614329686
359253.526535916
614971.3915231329
341566.066403531
235221.10476328776
629377.8885467036
379663.1073001113
487334.7795235043
122897.07620646834
341435.9197124423
66948.43425774213
637612.1032716524
207140.00984753313
376417.41592281836
951341.5714328698
1001397.5321912029
500241.5092298202
270257.2394096469
517888.643545178
339091.2255172153
706319.7157056709
329085.0227316875
631643.0212834234
435466.59717824473
418393.44609641423
429166.5362649611
134881.22448895156
997972.8468637232
615314.1985009906
778619.4871954964
1093901.4731653756
914660.693714884
588450.9876541608
196174.81775831198
507377.5937195801
1506904.53743034
294827.2584563701
448500.00829806435
445423.7000629909
850396.3330605166
702400.9248999702
251080.5410743737
789130.7122164235
180213.59790851403
1481318.0930428118
557836.6911174624
424943.91997504944
681022.8729063708
649308.4873556035
758926.8491627236
122068.86005844595
229215.31159988244
359027.4153724634
764175.4346912203
1820520.260818508
1269171.0376789519
579115.8763772133
154959.0419420143
106651.32945888297
321685.19672383135
339075.56992857915
635980.4089147579
266270.7135179802
176436.50700842036
411610.38550013653
545922.4895700301
590807.8286454265
1368595.7070791665
262728.82691671397
462826.40980534453
1180958.3295705034
590773.5389916246
548268.7195139846
431858.2264115702
228547.56663025462
574704.1921978918
540510.8759413206
163152.6038043399
89513.5821555215
281604.6174430698
115417.75048430834
258925.1311230752
356713.78332225035
1239083.6645126808
280391.6150446058
305520.4428663304
293861.1488391921
439998.259854123
1271297.6069234763
460869.5795268344
314986.98818962334
304449.0267114097
853131.3915764637
1193551.1578957024
353964.96032352827
1382303.7239222005
447639.38731146103
1082330.0290973452
389383.0551794964
513548.4478323163
778552.7903012786
889300.84086856
745318.5730480999
220891.93900441355
904880.0526188215
436197.578427013
254168.41259343317
652783.8384156412
560158.0974382877
567813.9061067994
304904.89369334315
246082.93001205998
128997.25994428364
541189.571865331
219421.37495246273
511762.73973480973
343949.55117911147
100453.42016448092
718154.1780650998
877946.2748132515
62709.10228587326
639354.383868631
387895.76742358215
243934.2641860401
424895.1496313497
416944.2758265886
251953.56412779243
741026.3449969952
25161.26848906465
307871.4664807854
306444.46605311823
1081747.2970943265
190500.02612615575
862959.6713265717
398952.878917989
445187.62462763884
1013172.799969863
661973.900430553
594770.8690710238
874274.760500301
270578.4781573088
557228.4293252737
261227.05916521308
376957.41734858917
82091.79738056276
247984.10351351422
413619.4738124744
227542.6004370415
810516.5981077565
-40755.76718693884
614211.0672761668
516860.31952112995
225244.6713972176
623109.4306520153
548092.2576328916
-81451.0187678216
636421.9960632188
1236480.3692498216
622477.4345329935
411675.1377758726
1341020.1735177329
850508.6881570526
178630.6511850459
359661.79553367686
732532.5629931097
1073218.7292369255
26551.737782675307
497222.8435713565
451687.75701904227
1022249.9849757858
464792.07227693463
248236.60104902822
241026.12195660383
538387.7945114532
493835.0378902691
1126304.0573294237
439400.7869581869
1744400.7663285122
272100.91296540055
300559.36355074577
137360.72247134673
397277.80262510944
462313.0928261953
916656.4353503393
506190.72378445
-41045.435970757855
475843.6416159121
359104.62242928485
960873.3925839866
457447.4319892246
1013503.4175623982
532764.0188854407
271960.3853034444
464129.5113596425
1043994.4083703448
335823.4587232919
893680.3572187728
1097021.666248954
397419.968824271
443884.6304390682
-189041.1707052725
565675.7569367444
56442.25567881623
346763.84011952963
572226.2748853192
468558.6153009528
879590.4524685395
809243.4685270145
237366.93639723794
473524.32863460237
66781.50826007093
514902.7840473916
478201.9160156301
562780.0547234454
532581.9967239908
466348.00888964674
559077.5551130582
750869.5309591622
559829.0146576901
167141.56802303786
1257140.4295152733
426930.2475925246
626082.4386709918
266321.98671019543
358446.2306660366
701238.3442189436
110357.67373698391
830566.4662773012
189525.27722973755
423815.86945421156
65582.8874844602
647833.2581027352
529596.4770465564
716384.5207979548
516356.6799558876
359703.5897645465
818510.9537762959
918473.5827497843
137246.6001128003
1061583.8771632076
673535.5898858142
420963.2678154445
611789.6694082399
1009189.5304443721
1191333.042711223
-81474.54042912269
309985.5698374299
354809.07782176696
577315.1337836465
399725.62146159227
425953.0736955189
729529.8962198746
662084.7074550949
413173.60847364727
147945.1911101903
200514.5266142267
537321.9220627033
231949.14122415154
1087667.4421660802
353802.7763443488
122898.06349390646
900287.6882689892
951358.7796931939
647362.6511382489
830025.9813184688
495474.29729410564
204627.69013266073
508264.5289639168
711037.7590990488
400801.32537499035
423919.43721954594
575391.403621811
417649.2386268147
471371.24605043314
555319.9581478043
947145.872456873
1142184.7855823333
427721.7851792206
716491.7223261639
964183.4152915665
845760.2869141746
412530.9556693443
286874.5350601381
945080.446298879
286949.2448429706
481647.48410273844
699258.2470741053
521484.74757595523
379516.7632502712
37396.49368061463
805163.5255008258
517806.1310328316
122029.05982964055
679395.4119826867
965135.5056592844
313214.28931883513
448662.19661524566
822147.8821932083
300282.0534135982
236418.5459769059
346076.4273878167
446651.02954847156
394427.8362512863
333722.4966704466
679732.5496865179
861540.3050220952
431750.6275031753
468632.67147970025
569052.1703782505
513053.4077675871
211265.51820069173
647244.1215439904
61263.77561308874
379932.7118068815
1133067.7357501513
424851.2753954077
310391.8307025357
920693.8482660953
1124034.1238630433
931379.7081490018
302724.09531212423
1144522.5914908722
434830.7227358866
181202.41782809648
428540.24667950324
594687.2439443731
197307.78939058667
-49639.82313642348
724567.6747404999
992414.883459289
1711897.883660385
658424.899580446
99235.89642413903
668520.2707842882
271408.23625283607
243747.71306105354
290253.93110865576
158659.1604924982
528836.0878034933
592118.7692446962
1018510.4823329871
412920.01468161284
510588.7801785087
457068.5535721951
166408.65798121737
1374657.33950285
798858.8600391808
885891.486975588
574955.3996034358
267052.60811678506
401043.25057319296
504223.3042362755
536347.4072281478
595632.9197715848
-28822.468856095977
1029334.3769341038
528299.2973988599
713171.4279979186
367996.31178174634
350609.5505964061
214627.07447367453
1114464.7383605335
959014.2313391055
762036.9152158665
182956.76606095274
184553.54050411755
253706.67999637837
1060878.6198739922
684918.9842993236
368953.97646395455
427847.52228804794
385664.67893415026
945151.4815104854
395996.3150479881
380898.0410659814
1661278.8525321726
458637.44976072677
115776.87543893442
551200.3167507418
353709.67987138766
47592.42407387006
295570.44861608255
450370.856669071
251276.9118699754
1189741.0054655839
1005911.3057279136
1811235.2771913768
864230.1818770595
395624.98777311144
332007.8229589164
206430.8373410728
1313197.973811577
162320.54495368054
541111.7766397408
622811.3613535055
192391.9985424024
510394.53536420653
371532.43291938945
494292.37418263126
718701.4478781803
518066.9318902326
493192.8805161158
146737.57729358773
445787.65823174315
579865.0454006181
729059.4211879259
831321.1616508035
710465.9781341132
-44511.01980661423
385860.70230385265
338000.57130016596
42699.947742856166
293907.443376767
266137.68896897155
705512.3776693684
910962.9909568796
761299.5684569804
876335.6106365361
403854.80625565164
612187.3109371485
1076388.9452279322
696560.4612758219
43988.93652285758
631302.5480671813
616148.0660293009
653719.053147234
538920.4608012073
528277.1036080844
674857.6599359509
567913.15514555
195408.11067863507
780687.5308372019
326952.92480701907
598774.037997813
-124791.06300299324
639559.1401602223
542473.6675622374
230067.42909175926
924680.8951457109
695118.495042329
323706.18043769174
1206708.695855747
113876.85840822221
735941.6040446714
180557.92316279002
349083.98526121315
374581.1363468636
307426.74847549456
190426.69539330114
309969.04774024873
456986.2474418996
871657.6318607646
323018.9216339794
342892.5030543654
350533.73180943495
333667.96908526146
221615.3646047195
337330.23191324563
866048.8188045971
782253.3669172945
764843.3070207643
172706.38592660753
407873.14467687975
1756805.8018052732
676006.6720524098
574274.9653201944
576861.5740546429
522487.8141061907
620537.8765178374
1314439.48755574
680160.689758761
419841.24198278063
618491.9529796345
556149.4801535873
83608.59629477322
-91238.65111741144
2470729.2787430333
313395.56287232076
312794.8064413334
859570.3210197283
937339.8161797578
220706.76033669134
556559.6089551151
265286.2415331731
716905.217076905
2252483.9328139867
1112997.310940639
788381.9049581672
442818.5769871655
180990.9647577071
181084.75345883862
1051592.8332027593
388137.89383509103
923605.9473638682
448665.94642623025
398442.7981009241
707472.4744024082
484839.1144709353
1126463.0735504366
199751.31084877742
433305.6393174351
882788.1454292043
545486.346766522
464190.7835782436
318745.3257804053
654528.1881369406
823965.821160995
851688.8601562245
464870.51058340643
327333.1461226557
638395.5364640742
610852.4847623624
507405.4881151967
813421.8491787835
225142.5857969732
1697057.2630576976
521397.20045267406
398690.0284919189
1003501.4029454751
606717.4591633818
251669.87319594575
406033.34368123603
471144.68386960705
161581.05334465636
293317.2920237754
697130.6097730922
1005964.3760700381
199442.58280652965
395119.2554820535
864932.8789062499
457467.94752068387
-108814.77216438265
2528873.2736045057
312016.2886975162
515159.22673120827
185187.94029086595
807533.1287099506
491557.06931111903
672909.9062977108
1163764.2060481152
520803.0690906631
630810.4665560604
245455.94432641933
856081.004282616
421394.4596460166
794031.7514224001
78984.07171279675
343803.4848458383
183491.94281683443
786270.8668326765
396743.43798606505
366793.25744183105
897498.4223129122
340631.426113895
514116.77735669375
1248429.4370655138
383003.11914768885
265292.64281756314
361985.547931649
1228917.8006100277
346560.89976100915
383348.23981048167
1032175.9422047491
1684173.0922448463
166865.4314967806
-8160.595669171074
360876.27267065225
655294.9765301622
479915.2524582335
337670.9265078574
338753.3608574625
1257790.2966013118
557787.8856872178
59900.15049892722
634275.7985589106
719591.0502364167
337045.6681494053
458552.6010347175
1058041.8992818454
1216865.6302529974
177210.74888555513
740166.6149124979
444188.6051260844
1285249.192211546
210111.09291975823
279983.41775144817
67030.62096880213
246650.3193800485
614493.7650730747
207626.57848422893
1967466.054589679
211911.083336366
971749.9485151042
519347.8292291069
403671.6340314384
543029.5254458592
597290.7248765497
994447.3253613551
464898.2288866736
440221.3023068098
2382346.019662539
237134.33904139994
557104.4220435184
635647.825788471
374586.23223574704
291654.51809438504
345079.6284346633
146390.92153846612
340428.26115803677
496463.47655421554
557682.4369917451
400156.2154851657
300383.1160952016
671240.2897374671
869065.2396484305
619206.1623745443
523003.3452030129
510683.07419886754
526084.4426686299
173706.76523490762
373072.0558511665
446826.25727922027
-104724.70583414516
385644.8471418164
102370.29999978322
509951.6255769731
388056.35517548653
256401.4934552029
216106.15821869037
569815.7561307986
536493.0186595337
271291.3716324358
617704.5230303437
315196.0657018494
533413.3252304738
338522.78359573055
202873.51595296303
422059.8661772631
804130.307051102
335631.512218739
663713.9850069259
543224.380998819
1447535.600872586
566771.6480052773
771993.6350891412
21869.80496277596
349866.621515246
229981.23369559506
50886.780067149375
621915.5705540493
286587.02037062345
317086.6006566951
541880.9096731386
314892.9549587172
330994.54624845285
376156.9597289582
275363.07709487487
233218.0774189761
426847.12836237217
802711.0774400777
510693.77728949406
436661.05104359717
845448.1797203532
381941.01085145085
1391425.0582630532
417866.37145556114
618688.3196157345
852419.9473103062
744890.1856077955
699917.3043551118
-173229.02953815297
393693.13367222087
1066046.3771972647
549339.3122549318
331446.43605508667
2103545.163373145
462687.41278528166
222815.31395153218
697587.7271128927
188534.72528097103
453042.2370455798
1697410.230681826
515079.54474135046
408534.772288096
529763.2701913858
292056.12057695456
362645.81558609987
150884.6374770432
1418993.8814947777
502987.2368716282
206847.89934740914
719495.7267408413
173202.57136182924
294424.2793594437
397321.21573043684
402846.8673297011
244924.32709989435
288368.8700474207
461772.5893570329
362037.16661259846
949171.8008598235
1748155.2826012922
817084.692550378
491791.88078322867
1084972.4324611756
380660.3004263325
500428.17920133926
488392.67575430823
950502.0165678893
466757.6347430557
1189187.7208481827
356847.18720473617
930137.902551395
631346.8361806585
349752.60811549437
343944.75799347134
329273.41462782316
128786.123539016
149858.10151356767
867121.9556701338
596345.7995607384
400575.12216101785
484517.21287276514
584459.6046597935
754909.5512682163
220655.87533218384
421892.9412022183
162454.80767219327
845160.8496658982
149009.62194064795
621273.715959017
487320.20896516915
598612.724953914
510459.35892263486
642373.0354464847
656970.6652719615
328670.0781096382
572916.352166722
756155.6304642897
664573.3710186702
335166.0645558818
1044956.6443299985
531047.2534791275
775093.4435891701
312110.8934224724
227709.02049376222
277147.6357195968
732391.1119677261
233030.05867271964
991759.0074095096
1059372.58682081
